3 k 2 3 K 1 1
2 3 3 3
3 K 3 3 b 1 2 k 3 2
1 2 2 1 2 1 3 1
4 k 2 1 b 1 3 n 1 4 N 4 2 K 3 3
3 3 4 4 1 4 2 2
4 k 1 1 K 4 4 q 2 2 Q 3 3
2 2 3 3 3 3 1 3
4 b 4 1 n 4 2 q 1 3 R 1 1 K 2 2 k 4 4
1 3 1 1 4 1 1 4
5 b 4 1 K 1 5 n 4 2 q 3 2 R 1 1 k 5 1 Q 3 3
1 5 1 4 4 2 2 3 3 3 2 3
5 b 2 1 K 1 3 n 5 2 q 2 3 R 1 1 k 5 5 q 1 4
2 1 5 4
5 K 5 1 b 4 2 B 3 3 n 2 3 N 1 4 k 5 4 r 2 2
2 2 5 2 1 4 2 2
6 k 6 1 b 3 1 n 1 5 N 4 2 K 3 6 B 6 6 R 5 2 r 4 6
6 6 3 3 5 2 3 2 6 1 6 2
6 k 4 3 K 1 1 n 2 6 b 5 6 R 3 2 N 4 1 Q 2 4
1 1 2 2 2 4 2 6 4 1 6 2
6 R 5 6 R 4 5 r 3 4 r 2 3 k 1 6 K 1 5 q 4 2 Q 2 6
4 2 6 2 4 5 4 1 3 4 6 4 1 6 2 6
7 k 1 1 K 7 7 n 1 7 N 7 1 R 3 3 r 4 4
3 3 4 3 4 4 4 3
7 b 2 1 K 1 7 n 5 5 q 1 4 R 6 7 k 7 3 q 3 6
3 6 7 6 5 5 6 4 1 4 4 1
7 q 1 7 Q 2 5 K 3 6 k 4 4 b 7 2 n 7 7 N 5 7 r 6 3
7 2 3 6 4 4 3 3 1 7 5 7 5 7 1 7
8 N 1 1 N 1 6 n 7 6 n 8 3 r 5 8 r 4 4 R 6 2 R 2 7 b 3 4 b 2 1 B 8 8 B 4 6 k 1 5 K 7 7
1 5 1 6 8 8 7 7 6 6 6 2 6 8 4 4
8 N 8 8 N 1 1 n 1 5 n 5 1 r 6 6 r 4 4 R 3 3 R 2 2 b 8 4 b 7 4 B 7 6 B 8 6 k 1 8 K 8 1
8 6 2 8 2 2 2 8 1 5 2 3 1 8 2 8 2 8 2 7
8 b 3 3 r 4 6 Q 7 4 N 1 8 k 2 1 R 8 7 K 6 5 B 5 2
7 4 7 6 4 6 7 6 6 5 7 6
9 n 1 1 q 2 3 K 9 9 r 6 7 R 3 5 k 1 9 Q 4 3 N 8 6 n 4 9 q 9 5 r 6 6
4 9 8 7 6 6 6 9 1 9 1 8 6 7 9 7
9 b 9 3 B 2 7 b 2 3 B 7 5 n 6 1 N 9 6 n 3 1 N 2 9 r 1 7 R 1 3 r 4 4 R 5 8 q 6 6 Q 8 5 k 9 9 K 1 1
1 7 1 9 4 4 9 4 6 6 5 5 9 9 8 9 1 1 1 2
9 r 1 1 r 1 3 R 7 9 K 6 8 R 3 3 n 4 8 n 5 7 N 9 8 N 2 7 k 6 1
6 1 6 2 1 3 9 3 9 3 3 3
10 k 7 10 r 2 9 Q 10 3 R 6 8 K 7 7 b 2 4 n 3 2 N 6 9 N 5 1 r 7 3 B 2 10
2 10 1 9 10 3 10 10 7 7 6 6
10 k 1 1 r 2 3 Q 4 6 R 5 8 K 10 10 b 1 10 n 10 1 N 1 7 N 10 2 r 6 9 R 8 3 q 3 4
8 3 10 3 1 1 2 2 3 4 4 3 6 9 6 6
10 k 5 7 K 4 10 q 6 4 Q 3 6 b 7 1 B 1 10 n 8 3 N 2 2 r 10 7 R 9 10
9 10 1 10 8 3 7 5 3 6 10 6 4 10 5 10
10 k 1 1 K 1 10 n 10 10 n 10 1 N 5 5 N 6 5
10 1 9 3
4 k 4 4 K 1 1 Q 1 4 R 1 3 r 3 1
1 1 1 2